{
 "cells": [
  {
   "cell_type": "code",
   "execution_count": 1,
   "metadata": {},
   "outputs": [],
   "source": [
    "import pandas as pd"
   ]
  },
  {
   "cell_type": "code",
   "execution_count": null,
   "metadata": {},
   "outputs": [],
   "source": [
    "# Lendo as planilhas \n",
    "vendas_df = pd.read_excel(r\"Arquivos\\Vendas_Merge.xlsx\")\n",
    "vendedores_df = pd.read_excel(r\"Arquivos\\Vendedores_Merge.xlsx\")\n",
    "produtos_df = pd.read_excel(r\"Arquivos\\Produtos_Merge.xlsx\")\n",
    "\n",
    "display(produtos_df)"
   ]
  },
  {
   "cell_type": "code",
   "execution_count": 7,
   "metadata": {},
   "outputs": [
    {
     "data": {
      "text/html": [
       "<div>\n",
       "<style scoped>\n",
       "    .dataframe tbody tr th:only-of-type {\n",
       "        vertical-align: middle;\n",
       "    }\n",
       "\n",
       "    .dataframe tbody tr th {\n",
       "        vertical-align: top;\n",
       "    }\n",
       "\n",
       "    .dataframe thead th {\n",
       "        text-align: right;\n",
       "    }\n",
       "</style>\n",
       "<table border=\"1\" class=\"dataframe\">\n",
       "  <thead>\n",
       "    <tr style=\"text-align: right;\">\n",
       "      <th></th>\n",
       "      <th>Id Vendedor</th>\n",
       "      <th>ID Produto</th>\n",
       "      <th>Data Venda</th>\n",
       "      <th>Quantidade Vendida</th>\n",
       "      <th>Valor Unitário</th>\n",
       "      <th>Total Vendas</th>\n",
       "      <th>Vendedor</th>\n",
       "      <th>Meta</th>\n",
       "    </tr>\n",
       "  </thead>\n",
       "  <tbody>\n",
       "    <tr>\n",
       "      <th>0</th>\n",
       "      <td>27264</td>\n",
       "      <td>100482</td>\n",
       "      <td>2023-01-01</td>\n",
       "      <td>8</td>\n",
       "      <td>89.99</td>\n",
       "      <td>719.92</td>\n",
       "      <td>Leonardo Almeida</td>\n",
       "      <td>5000</td>\n",
       "    </tr>\n",
       "    <tr>\n",
       "      <th>1</th>\n",
       "      <td>27264</td>\n",
       "      <td>100345</td>\n",
       "      <td>2023-01-07</td>\n",
       "      <td>4</td>\n",
       "      <td>150.50</td>\n",
       "      <td>602.00</td>\n",
       "      <td>Leonardo Almeida</td>\n",
       "      <td>5000</td>\n",
       "    </tr>\n",
       "    <tr>\n",
       "      <th>2</th>\n",
       "      <td>27264</td>\n",
       "      <td>100208</td>\n",
       "      <td>2023-01-11</td>\n",
       "      <td>6</td>\n",
       "      <td>46.90</td>\n",
       "      <td>281.40</td>\n",
       "      <td>Leonardo Almeida</td>\n",
       "      <td>5000</td>\n",
       "    </tr>\n",
       "    <tr>\n",
       "      <th>3</th>\n",
       "      <td>27264</td>\n",
       "      <td>100244</td>\n",
       "      <td>2023-01-20</td>\n",
       "      <td>9</td>\n",
       "      <td>146.14</td>\n",
       "      <td>1315.26</td>\n",
       "      <td>Leonardo Almeida</td>\n",
       "      <td>5000</td>\n",
       "    </tr>\n",
       "    <tr>\n",
       "      <th>4</th>\n",
       "      <td>27264</td>\n",
       "      <td>100345</td>\n",
       "      <td>2023-01-22</td>\n",
       "      <td>6</td>\n",
       "      <td>150.50</td>\n",
       "      <td>903.00</td>\n",
       "      <td>Leonardo Almeida</td>\n",
       "      <td>5000</td>\n",
       "    </tr>\n",
       "    <tr>\n",
       "      <th>5</th>\n",
       "      <td>21732</td>\n",
       "      <td>100359</td>\n",
       "      <td>2023-01-02</td>\n",
       "      <td>2</td>\n",
       "      <td>69.99</td>\n",
       "      <td>139.98</td>\n",
       "      <td>Eliane Moreira</td>\n",
       "      <td>5000</td>\n",
       "    </tr>\n",
       "    <tr>\n",
       "      <th>6</th>\n",
       "      <td>21732</td>\n",
       "      <td>100411</td>\n",
       "      <td>2023-01-08</td>\n",
       "      <td>4</td>\n",
       "      <td>248.73</td>\n",
       "      <td>994.92</td>\n",
       "      <td>Eliane Moreira</td>\n",
       "      <td>5000</td>\n",
       "    </tr>\n",
       "    <tr>\n",
       "      <th>7</th>\n",
       "      <td>21732</td>\n",
       "      <td>100226</td>\n",
       "      <td>2023-01-12</td>\n",
       "      <td>2</td>\n",
       "      <td>41.90</td>\n",
       "      <td>83.80</td>\n",
       "      <td>Eliane Moreira</td>\n",
       "      <td>5000</td>\n",
       "    </tr>\n",
       "    <tr>\n",
       "      <th>8</th>\n",
       "      <td>21732</td>\n",
       "      <td>100001</td>\n",
       "      <td>2023-01-15</td>\n",
       "      <td>8</td>\n",
       "      <td>89.90</td>\n",
       "      <td>719.20</td>\n",
       "      <td>Eliane Moreira</td>\n",
       "      <td>5000</td>\n",
       "    </tr>\n",
       "    <tr>\n",
       "      <th>9</th>\n",
       "      <td>21732</td>\n",
       "      <td>100105</td>\n",
       "      <td>2023-01-18</td>\n",
       "      <td>7</td>\n",
       "      <td>153.40</td>\n",
       "      <td>1073.80</td>\n",
       "      <td>Eliane Moreira</td>\n",
       "      <td>5000</td>\n",
       "    </tr>\n",
       "    <tr>\n",
       "      <th>10</th>\n",
       "      <td>21732</td>\n",
       "      <td>100411</td>\n",
       "      <td>2023-01-23</td>\n",
       "      <td>4</td>\n",
       "      <td>248.73</td>\n",
       "      <td>994.92</td>\n",
       "      <td>Eliane Moreira</td>\n",
       "      <td>5000</td>\n",
       "    </tr>\n",
       "    <tr>\n",
       "      <th>11</th>\n",
       "      <td>21732</td>\n",
       "      <td>100208</td>\n",
       "      <td>2023-01-26</td>\n",
       "      <td>5</td>\n",
       "      <td>46.90</td>\n",
       "      <td>234.50</td>\n",
       "      <td>Eliane Moreira</td>\n",
       "      <td>5000</td>\n",
       "    </tr>\n",
       "    <tr>\n",
       "      <th>12</th>\n",
       "      <td>27082</td>\n",
       "      <td>100105</td>\n",
       "      <td>2023-01-03</td>\n",
       "      <td>2</td>\n",
       "      <td>153.40</td>\n",
       "      <td>306.80</td>\n",
       "      <td>Nicolas Pereira</td>\n",
       "      <td>5000</td>\n",
       "    </tr>\n",
       "    <tr>\n",
       "      <th>13</th>\n",
       "      <td>27082</td>\n",
       "      <td>100128</td>\n",
       "      <td>2023-01-09</td>\n",
       "      <td>9</td>\n",
       "      <td>116.52</td>\n",
       "      <td>1048.68</td>\n",
       "      <td>Nicolas Pereira</td>\n",
       "      <td>5000</td>\n",
       "    </tr>\n",
       "    <tr>\n",
       "      <th>14</th>\n",
       "      <td>27082</td>\n",
       "      <td>100128</td>\n",
       "      <td>2023-01-13</td>\n",
       "      <td>7</td>\n",
       "      <td>81.90</td>\n",
       "      <td>573.30</td>\n",
       "      <td>Nicolas Pereira</td>\n",
       "      <td>5000</td>\n",
       "    </tr>\n",
       "    <tr>\n",
       "      <th>15</th>\n",
       "      <td>27082</td>\n",
       "      <td>100212</td>\n",
       "      <td>2023-01-19</td>\n",
       "      <td>7</td>\n",
       "      <td>148.56</td>\n",
       "      <td>1039.92</td>\n",
       "      <td>Nicolas Pereira</td>\n",
       "      <td>5000</td>\n",
       "    </tr>\n",
       "    <tr>\n",
       "      <th>16</th>\n",
       "      <td>27082</td>\n",
       "      <td>100128</td>\n",
       "      <td>2023-01-24</td>\n",
       "      <td>9</td>\n",
       "      <td>116.52</td>\n",
       "      <td>1048.68</td>\n",
       "      <td>Nicolas Pereira</td>\n",
       "      <td>5000</td>\n",
       "    </tr>\n",
       "    <tr>\n",
       "      <th>17</th>\n",
       "      <td>27082</td>\n",
       "      <td>100226</td>\n",
       "      <td>2023-01-27</td>\n",
       "      <td>9</td>\n",
       "      <td>41.90</td>\n",
       "      <td>377.10</td>\n",
       "      <td>Nicolas Pereira</td>\n",
       "      <td>5000</td>\n",
       "    </tr>\n",
       "    <tr>\n",
       "      <th>18</th>\n",
       "      <td>22936</td>\n",
       "      <td>100212</td>\n",
       "      <td>2023-01-04</td>\n",
       "      <td>10</td>\n",
       "      <td>148.56</td>\n",
       "      <td>1485.60</td>\n",
       "      <td>Amanda Martins</td>\n",
       "      <td>5000</td>\n",
       "    </tr>\n",
       "    <tr>\n",
       "      <th>19</th>\n",
       "      <td>22936</td>\n",
       "      <td>100877</td>\n",
       "      <td>2023-01-10</td>\n",
       "      <td>1</td>\n",
       "      <td>59.90</td>\n",
       "      <td>59.90</td>\n",
       "      <td>Amanda Martins</td>\n",
       "      <td>5000</td>\n",
       "    </tr>\n",
       "    <tr>\n",
       "      <th>20</th>\n",
       "      <td>22936</td>\n",
       "      <td>100443</td>\n",
       "      <td>2023-01-14</td>\n",
       "      <td>9</td>\n",
       "      <td>55.90</td>\n",
       "      <td>503.10</td>\n",
       "      <td>Amanda Martins</td>\n",
       "      <td>5000</td>\n",
       "    </tr>\n",
       "    <tr>\n",
       "      <th>21</th>\n",
       "      <td>22936</td>\n",
       "      <td>100877</td>\n",
       "      <td>2023-01-25</td>\n",
       "      <td>8</td>\n",
       "      <td>59.90</td>\n",
       "      <td>479.20</td>\n",
       "      <td>Amanda Martins</td>\n",
       "      <td>5000</td>\n",
       "    </tr>\n",
       "    <tr>\n",
       "      <th>22</th>\n",
       "      <td>22936</td>\n",
       "      <td>100128</td>\n",
       "      <td>2023-01-28</td>\n",
       "      <td>9</td>\n",
       "      <td>81.90</td>\n",
       "      <td>737.10</td>\n",
       "      <td>Amanda Martins</td>\n",
       "      <td>5000</td>\n",
       "    </tr>\n",
       "    <tr>\n",
       "      <th>23</th>\n",
       "      <td>21164</td>\n",
       "      <td>100244</td>\n",
       "      <td>2023-01-05</td>\n",
       "      <td>6</td>\n",
       "      <td>146.14</td>\n",
       "      <td>876.84</td>\n",
       "      <td>Paulo Santos</td>\n",
       "      <td>5000</td>\n",
       "    </tr>\n",
       "    <tr>\n",
       "      <th>24</th>\n",
       "      <td>28824</td>\n",
       "      <td>100301</td>\n",
       "      <td>2023-01-06</td>\n",
       "      <td>2</td>\n",
       "      <td>224.14</td>\n",
       "      <td>448.28</td>\n",
       "      <td>Gabriel Cardoso</td>\n",
       "      <td>5000</td>\n",
       "    </tr>\n",
       "    <tr>\n",
       "      <th>25</th>\n",
       "      <td>28824</td>\n",
       "      <td>100301</td>\n",
       "      <td>2023-01-21</td>\n",
       "      <td>6</td>\n",
       "      <td>224.14</td>\n",
       "      <td>1344.84</td>\n",
       "      <td>Gabriel Cardoso</td>\n",
       "      <td>5000</td>\n",
       "    </tr>\n",
       "    <tr>\n",
       "      <th>26</th>\n",
       "      <td>37579</td>\n",
       "      <td>100482</td>\n",
       "      <td>2023-01-16</td>\n",
       "      <td>4</td>\n",
       "      <td>89.99</td>\n",
       "      <td>359.96</td>\n",
       "      <td>Angela Maria</td>\n",
       "      <td>5000</td>\n",
       "    </tr>\n",
       "    <tr>\n",
       "      <th>27</th>\n",
       "      <td>20437</td>\n",
       "      <td>100359</td>\n",
       "      <td>2023-01-17</td>\n",
       "      <td>7</td>\n",
       "      <td>69.99</td>\n",
       "      <td>489.93</td>\n",
       "      <td>Carlos Moreira</td>\n",
       "      <td>5000</td>\n",
       "    </tr>\n",
       "  </tbody>\n",
       "</table>\n",
       "</div>"
      ],
      "text/plain": [
       "    Id Vendedor  ID Produto Data Venda  Quantidade Vendida  Valor Unitário  \\\n",
       "0         27264      100482 2023-01-01                   8           89.99   \n",
       "1         27264      100345 2023-01-07                   4          150.50   \n",
       "2         27264      100208 2023-01-11                   6           46.90   \n",
       "3         27264      100244 2023-01-20                   9          146.14   \n",
       "4         27264      100345 2023-01-22                   6          150.50   \n",
       "5         21732      100359 2023-01-02                   2           69.99   \n",
       "6         21732      100411 2023-01-08                   4          248.73   \n",
       "7         21732      100226 2023-01-12                   2           41.90   \n",
       "8         21732      100001 2023-01-15                   8           89.90   \n",
       "9         21732      100105 2023-01-18                   7          153.40   \n",
       "10        21732      100411 2023-01-23                   4          248.73   \n",
       "11        21732      100208 2023-01-26                   5           46.90   \n",
       "12        27082      100105 2023-01-03                   2          153.40   \n",
       "13        27082      100128 2023-01-09                   9          116.52   \n",
       "14        27082      100128 2023-01-13                   7           81.90   \n",
       "15        27082      100212 2023-01-19                   7          148.56   \n",
       "16        27082      100128 2023-01-24                   9          116.52   \n",
       "17        27082      100226 2023-01-27                   9           41.90   \n",
       "18        22936      100212 2023-01-04                  10          148.56   \n",
       "19        22936      100877 2023-01-10                   1           59.90   \n",
       "20        22936      100443 2023-01-14                   9           55.90   \n",
       "21        22936      100877 2023-01-25                   8           59.90   \n",
       "22        22936      100128 2023-01-28                   9           81.90   \n",
       "23        21164      100244 2023-01-05                   6          146.14   \n",
       "24        28824      100301 2023-01-06                   2          224.14   \n",
       "25        28824      100301 2023-01-21                   6          224.14   \n",
       "26        37579      100482 2023-01-16                   4           89.99   \n",
       "27        20437      100359 2023-01-17                   7           69.99   \n",
       "\n",
       "    Total Vendas          Vendedor  Meta  \n",
       "0         719.92  Leonardo Almeida  5000  \n",
       "1         602.00  Leonardo Almeida  5000  \n",
       "2         281.40  Leonardo Almeida  5000  \n",
       "3        1315.26  Leonardo Almeida  5000  \n",
       "4         903.00  Leonardo Almeida  5000  \n",
       "5         139.98    Eliane Moreira  5000  \n",
       "6         994.92    Eliane Moreira  5000  \n",
       "7          83.80    Eliane Moreira  5000  \n",
       "8         719.20    Eliane Moreira  5000  \n",
       "9        1073.80    Eliane Moreira  5000  \n",
       "10        994.92    Eliane Moreira  5000  \n",
       "11        234.50    Eliane Moreira  5000  \n",
       "12        306.80   Nicolas Pereira  5000  \n",
       "13       1048.68   Nicolas Pereira  5000  \n",
       "14        573.30   Nicolas Pereira  5000  \n",
       "15       1039.92   Nicolas Pereira  5000  \n",
       "16       1048.68   Nicolas Pereira  5000  \n",
       "17        377.10   Nicolas Pereira  5000  \n",
       "18       1485.60    Amanda Martins  5000  \n",
       "19         59.90    Amanda Martins  5000  \n",
       "20        503.10    Amanda Martins  5000  \n",
       "21        479.20    Amanda Martins  5000  \n",
       "22        737.10    Amanda Martins  5000  \n",
       "23        876.84      Paulo Santos  5000  \n",
       "24        448.28   Gabriel Cardoso  5000  \n",
       "25       1344.84   Gabriel Cardoso  5000  \n",
       "26        359.96      Angela Maria  5000  \n",
       "27        489.93    Carlos Moreira  5000  "
      ]
     },
     "metadata": {},
     "output_type": "display_data"
    }
   ],
   "source": [
    "#Merge - Uniu através de um denominador em comum\n",
    "vendas_df = vendas_df.merge(vendedores_df)\n",
    "display(vendas_df)"
   ]
  },
  {
   "cell_type": "code",
   "execution_count": 8,
   "metadata": {},
   "outputs": [
    {
     "data": {
      "text/html": [
       "<div>\n",
       "<style scoped>\n",
       "    .dataframe tbody tr th:only-of-type {\n",
       "        vertical-align: middle;\n",
       "    }\n",
       "\n",
       "    .dataframe tbody tr th {\n",
       "        vertical-align: top;\n",
       "    }\n",
       "\n",
       "    .dataframe thead th {\n",
       "        text-align: right;\n",
       "    }\n",
       "</style>\n",
       "<table border=\"1\" class=\"dataframe\">\n",
       "  <thead>\n",
       "    <tr style=\"text-align: right;\">\n",
       "      <th></th>\n",
       "      <th>Id Vendedor</th>\n",
       "      <th>ID Produto</th>\n",
       "      <th>Data Venda</th>\n",
       "      <th>Quantidade Vendida</th>\n",
       "      <th>Valor Unitário</th>\n",
       "      <th>Total Vendas</th>\n",
       "      <th>Vendedor</th>\n",
       "      <th>Meta</th>\n",
       "      <th>Produto</th>\n",
       "    </tr>\n",
       "  </thead>\n",
       "  <tbody>\n",
       "    <tr>\n",
       "      <th>0</th>\n",
       "      <td>27264</td>\n",
       "      <td>100482</td>\n",
       "      <td>2023-01-01</td>\n",
       "      <td>8</td>\n",
       "      <td>89.99</td>\n",
       "      <td>719.92</td>\n",
       "      <td>Leonardo Almeida</td>\n",
       "      <td>5000</td>\n",
       "      <td>Tênis Feminino</td>\n",
       "    </tr>\n",
       "    <tr>\n",
       "      <th>1</th>\n",
       "      <td>37579</td>\n",
       "      <td>100482</td>\n",
       "      <td>2023-01-16</td>\n",
       "      <td>4</td>\n",
       "      <td>89.99</td>\n",
       "      <td>359.96</td>\n",
       "      <td>Angela Maria</td>\n",
       "      <td>5000</td>\n",
       "      <td>Tênis Feminino</td>\n",
       "    </tr>\n",
       "    <tr>\n",
       "      <th>2</th>\n",
       "      <td>27264</td>\n",
       "      <td>100345</td>\n",
       "      <td>2023-01-07</td>\n",
       "      <td>4</td>\n",
       "      <td>150.50</td>\n",
       "      <td>602.00</td>\n",
       "      <td>Leonardo Almeida</td>\n",
       "      <td>5000</td>\n",
       "      <td>Jaqueta Masculina Preta</td>\n",
       "    </tr>\n",
       "    <tr>\n",
       "      <th>3</th>\n",
       "      <td>27264</td>\n",
       "      <td>100345</td>\n",
       "      <td>2023-01-22</td>\n",
       "      <td>6</td>\n",
       "      <td>150.50</td>\n",
       "      <td>903.00</td>\n",
       "      <td>Leonardo Almeida</td>\n",
       "      <td>5000</td>\n",
       "      <td>Jaqueta Masculina Preta</td>\n",
       "    </tr>\n",
       "    <tr>\n",
       "      <th>4</th>\n",
       "      <td>27264</td>\n",
       "      <td>100208</td>\n",
       "      <td>2023-01-11</td>\n",
       "      <td>6</td>\n",
       "      <td>46.90</td>\n",
       "      <td>281.40</td>\n",
       "      <td>Leonardo Almeida</td>\n",
       "      <td>5000</td>\n",
       "      <td>Calça Bailarina</td>\n",
       "    </tr>\n",
       "    <tr>\n",
       "      <th>5</th>\n",
       "      <td>21732</td>\n",
       "      <td>100208</td>\n",
       "      <td>2023-01-26</td>\n",
       "      <td>5</td>\n",
       "      <td>46.90</td>\n",
       "      <td>234.50</td>\n",
       "      <td>Eliane Moreira</td>\n",
       "      <td>5000</td>\n",
       "      <td>Calça Bailarina</td>\n",
       "    </tr>\n",
       "    <tr>\n",
       "      <th>6</th>\n",
       "      <td>27264</td>\n",
       "      <td>100244</td>\n",
       "      <td>2023-01-20</td>\n",
       "      <td>9</td>\n",
       "      <td>146.14</td>\n",
       "      <td>1315.26</td>\n",
       "      <td>Leonardo Almeida</td>\n",
       "      <td>5000</td>\n",
       "      <td>Camisa Masculina Festa Balada</td>\n",
       "    </tr>\n",
       "    <tr>\n",
       "      <th>7</th>\n",
       "      <td>21164</td>\n",
       "      <td>100244</td>\n",
       "      <td>2023-01-05</td>\n",
       "      <td>6</td>\n",
       "      <td>146.14</td>\n",
       "      <td>876.84</td>\n",
       "      <td>Paulo Santos</td>\n",
       "      <td>5000</td>\n",
       "      <td>Camisa Masculina Festa Balada</td>\n",
       "    </tr>\n",
       "    <tr>\n",
       "      <th>8</th>\n",
       "      <td>21732</td>\n",
       "      <td>100359</td>\n",
       "      <td>2023-01-02</td>\n",
       "      <td>2</td>\n",
       "      <td>69.99</td>\n",
       "      <td>139.98</td>\n",
       "      <td>Eliane Moreira</td>\n",
       "      <td>5000</td>\n",
       "      <td>Calça Feminina Jogger</td>\n",
       "    </tr>\n",
       "    <tr>\n",
       "      <th>9</th>\n",
       "      <td>20437</td>\n",
       "      <td>100359</td>\n",
       "      <td>2023-01-17</td>\n",
       "      <td>7</td>\n",
       "      <td>69.99</td>\n",
       "      <td>489.93</td>\n",
       "      <td>Carlos Moreira</td>\n",
       "      <td>5000</td>\n",
       "      <td>Calça Feminina Jogger</td>\n",
       "    </tr>\n",
       "    <tr>\n",
       "      <th>10</th>\n",
       "      <td>21732</td>\n",
       "      <td>100411</td>\n",
       "      <td>2023-01-08</td>\n",
       "      <td>4</td>\n",
       "      <td>248.73</td>\n",
       "      <td>994.92</td>\n",
       "      <td>Eliane Moreira</td>\n",
       "      <td>5000</td>\n",
       "      <td>Bolsa de Trabalho</td>\n",
       "    </tr>\n",
       "    <tr>\n",
       "      <th>11</th>\n",
       "      <td>21732</td>\n",
       "      <td>100411</td>\n",
       "      <td>2023-01-23</td>\n",
       "      <td>4</td>\n",
       "      <td>248.73</td>\n",
       "      <td>994.92</td>\n",
       "      <td>Eliane Moreira</td>\n",
       "      <td>5000</td>\n",
       "      <td>Bolsa de Trabalho</td>\n",
       "    </tr>\n",
       "    <tr>\n",
       "      <th>12</th>\n",
       "      <td>21732</td>\n",
       "      <td>100226</td>\n",
       "      <td>2023-01-12</td>\n",
       "      <td>2</td>\n",
       "      <td>41.90</td>\n",
       "      <td>83.80</td>\n",
       "      <td>Eliane Moreira</td>\n",
       "      <td>5000</td>\n",
       "      <td>Camisa Térmica</td>\n",
       "    </tr>\n",
       "    <tr>\n",
       "      <th>13</th>\n",
       "      <td>27082</td>\n",
       "      <td>100226</td>\n",
       "      <td>2023-01-27</td>\n",
       "      <td>9</td>\n",
       "      <td>41.90</td>\n",
       "      <td>377.10</td>\n",
       "      <td>Nicolas Pereira</td>\n",
       "      <td>5000</td>\n",
       "      <td>Camisa Térmica</td>\n",
       "    </tr>\n",
       "    <tr>\n",
       "      <th>14</th>\n",
       "      <td>21732</td>\n",
       "      <td>100001</td>\n",
       "      <td>2023-01-15</td>\n",
       "      <td>8</td>\n",
       "      <td>89.90</td>\n",
       "      <td>719.20</td>\n",
       "      <td>Eliane Moreira</td>\n",
       "      <td>5000</td>\n",
       "      <td>Colar Pingente</td>\n",
       "    </tr>\n",
       "    <tr>\n",
       "      <th>15</th>\n",
       "      <td>21732</td>\n",
       "      <td>100105</td>\n",
       "      <td>2023-01-18</td>\n",
       "      <td>7</td>\n",
       "      <td>153.40</td>\n",
       "      <td>1073.80</td>\n",
       "      <td>Eliane Moreira</td>\n",
       "      <td>5000</td>\n",
       "      <td>Camisa Masculina</td>\n",
       "    </tr>\n",
       "    <tr>\n",
       "      <th>16</th>\n",
       "      <td>27082</td>\n",
       "      <td>100105</td>\n",
       "      <td>2023-01-03</td>\n",
       "      <td>2</td>\n",
       "      <td>153.40</td>\n",
       "      <td>306.80</td>\n",
       "      <td>Nicolas Pereira</td>\n",
       "      <td>5000</td>\n",
       "      <td>Camisa Masculina</td>\n",
       "    </tr>\n",
       "    <tr>\n",
       "      <th>17</th>\n",
       "      <td>27082</td>\n",
       "      <td>100128</td>\n",
       "      <td>2023-01-09</td>\n",
       "      <td>9</td>\n",
       "      <td>116.52</td>\n",
       "      <td>1048.68</td>\n",
       "      <td>Nicolas Pereira</td>\n",
       "      <td>5000</td>\n",
       "      <td>Kit de Pinceis de Maquiagem</td>\n",
       "    </tr>\n",
       "    <tr>\n",
       "      <th>18</th>\n",
       "      <td>27082</td>\n",
       "      <td>100128</td>\n",
       "      <td>2023-01-24</td>\n",
       "      <td>9</td>\n",
       "      <td>116.52</td>\n",
       "      <td>1048.68</td>\n",
       "      <td>Nicolas Pereira</td>\n",
       "      <td>5000</td>\n",
       "      <td>Kit de Pinceis de Maquiagem</td>\n",
       "    </tr>\n",
       "    <tr>\n",
       "      <th>19</th>\n",
       "      <td>27082</td>\n",
       "      <td>100128</td>\n",
       "      <td>2023-01-13</td>\n",
       "      <td>7</td>\n",
       "      <td>81.90</td>\n",
       "      <td>573.30</td>\n",
       "      <td>Nicolas Pereira</td>\n",
       "      <td>5000</td>\n",
       "      <td>Sapato Social</td>\n",
       "    </tr>\n",
       "    <tr>\n",
       "      <th>20</th>\n",
       "      <td>22936</td>\n",
       "      <td>100128</td>\n",
       "      <td>2023-01-28</td>\n",
       "      <td>9</td>\n",
       "      <td>81.90</td>\n",
       "      <td>737.10</td>\n",
       "      <td>Amanda Martins</td>\n",
       "      <td>5000</td>\n",
       "      <td>Sapato Social</td>\n",
       "    </tr>\n",
       "    <tr>\n",
       "      <th>21</th>\n",
       "      <td>27082</td>\n",
       "      <td>100212</td>\n",
       "      <td>2023-01-19</td>\n",
       "      <td>7</td>\n",
       "      <td>148.56</td>\n",
       "      <td>1039.92</td>\n",
       "      <td>Nicolas Pereira</td>\n",
       "      <td>5000</td>\n",
       "      <td>Bermuda Masculino</td>\n",
       "    </tr>\n",
       "    <tr>\n",
       "      <th>22</th>\n",
       "      <td>22936</td>\n",
       "      <td>100212</td>\n",
       "      <td>2023-01-04</td>\n",
       "      <td>10</td>\n",
       "      <td>148.56</td>\n",
       "      <td>1485.60</td>\n",
       "      <td>Amanda Martins</td>\n",
       "      <td>5000</td>\n",
       "      <td>Bermuda Masculino</td>\n",
       "    </tr>\n",
       "    <tr>\n",
       "      <th>23</th>\n",
       "      <td>22936</td>\n",
       "      <td>100877</td>\n",
       "      <td>2023-01-10</td>\n",
       "      <td>1</td>\n",
       "      <td>59.90</td>\n",
       "      <td>59.90</td>\n",
       "      <td>Amanda Martins</td>\n",
       "      <td>5000</td>\n",
       "      <td>Vestido Infantil</td>\n",
       "    </tr>\n",
       "    <tr>\n",
       "      <th>24</th>\n",
       "      <td>22936</td>\n",
       "      <td>100877</td>\n",
       "      <td>2023-01-25</td>\n",
       "      <td>8</td>\n",
       "      <td>59.90</td>\n",
       "      <td>479.20</td>\n",
       "      <td>Amanda Martins</td>\n",
       "      <td>5000</td>\n",
       "      <td>Vestido Infantil</td>\n",
       "    </tr>\n",
       "    <tr>\n",
       "      <th>25</th>\n",
       "      <td>22936</td>\n",
       "      <td>100443</td>\n",
       "      <td>2023-01-14</td>\n",
       "      <td>9</td>\n",
       "      <td>55.90</td>\n",
       "      <td>503.10</td>\n",
       "      <td>Amanda Martins</td>\n",
       "      <td>5000</td>\n",
       "      <td>Sapatilha Sapato</td>\n",
       "    </tr>\n",
       "    <tr>\n",
       "      <th>26</th>\n",
       "      <td>28824</td>\n",
       "      <td>100301</td>\n",
       "      <td>2023-01-06</td>\n",
       "      <td>2</td>\n",
       "      <td>224.14</td>\n",
       "      <td>448.28</td>\n",
       "      <td>Gabriel Cardoso</td>\n",
       "      <td>5000</td>\n",
       "      <td>Bota Masculina</td>\n",
       "    </tr>\n",
       "    <tr>\n",
       "      <th>27</th>\n",
       "      <td>28824</td>\n",
       "      <td>100301</td>\n",
       "      <td>2023-01-21</td>\n",
       "      <td>6</td>\n",
       "      <td>224.14</td>\n",
       "      <td>1344.84</td>\n",
       "      <td>Gabriel Cardoso</td>\n",
       "      <td>5000</td>\n",
       "      <td>Bota Masculina</td>\n",
       "    </tr>\n",
       "  </tbody>\n",
       "</table>\n",
       "</div>"
      ],
      "text/plain": [
       "    Id Vendedor  ID Produto Data Venda  Quantidade Vendida  Valor Unitário  \\\n",
       "0         27264      100482 2023-01-01                   8           89.99   \n",
       "1         37579      100482 2023-01-16                   4           89.99   \n",
       "2         27264      100345 2023-01-07                   4          150.50   \n",
       "3         27264      100345 2023-01-22                   6          150.50   \n",
       "4         27264      100208 2023-01-11                   6           46.90   \n",
       "5         21732      100208 2023-01-26                   5           46.90   \n",
       "6         27264      100244 2023-01-20                   9          146.14   \n",
       "7         21164      100244 2023-01-05                   6          146.14   \n",
       "8         21732      100359 2023-01-02                   2           69.99   \n",
       "9         20437      100359 2023-01-17                   7           69.99   \n",
       "10        21732      100411 2023-01-08                   4          248.73   \n",
       "11        21732      100411 2023-01-23                   4          248.73   \n",
       "12        21732      100226 2023-01-12                   2           41.90   \n",
       "13        27082      100226 2023-01-27                   9           41.90   \n",
       "14        21732      100001 2023-01-15                   8           89.90   \n",
       "15        21732      100105 2023-01-18                   7          153.40   \n",
       "16        27082      100105 2023-01-03                   2          153.40   \n",
       "17        27082      100128 2023-01-09                   9          116.52   \n",
       "18        27082      100128 2023-01-24                   9          116.52   \n",
       "19        27082      100128 2023-01-13                   7           81.90   \n",
       "20        22936      100128 2023-01-28                   9           81.90   \n",
       "21        27082      100212 2023-01-19                   7          148.56   \n",
       "22        22936      100212 2023-01-04                  10          148.56   \n",
       "23        22936      100877 2023-01-10                   1           59.90   \n",
       "24        22936      100877 2023-01-25                   8           59.90   \n",
       "25        22936      100443 2023-01-14                   9           55.90   \n",
       "26        28824      100301 2023-01-06                   2          224.14   \n",
       "27        28824      100301 2023-01-21                   6          224.14   \n",
       "\n",
       "    Total Vendas          Vendedor  Meta                        Produto  \n",
       "0         719.92  Leonardo Almeida  5000                 Tênis Feminino  \n",
       "1         359.96      Angela Maria  5000                 Tênis Feminino  \n",
       "2         602.00  Leonardo Almeida  5000        Jaqueta Masculina Preta  \n",
       "3         903.00  Leonardo Almeida  5000        Jaqueta Masculina Preta  \n",
       "4         281.40  Leonardo Almeida  5000                Calça Bailarina  \n",
       "5         234.50    Eliane Moreira  5000                Calça Bailarina  \n",
       "6        1315.26  Leonardo Almeida  5000  Camisa Masculina Festa Balada  \n",
       "7         876.84      Paulo Santos  5000  Camisa Masculina Festa Balada  \n",
       "8         139.98    Eliane Moreira  5000          Calça Feminina Jogger  \n",
       "9         489.93    Carlos Moreira  5000          Calça Feminina Jogger  \n",
       "10        994.92    Eliane Moreira  5000              Bolsa de Trabalho  \n",
       "11        994.92    Eliane Moreira  5000              Bolsa de Trabalho  \n",
       "12         83.80    Eliane Moreira  5000                 Camisa Térmica  \n",
       "13        377.10   Nicolas Pereira  5000                 Camisa Térmica  \n",
       "14        719.20    Eliane Moreira  5000                 Colar Pingente  \n",
       "15       1073.80    Eliane Moreira  5000               Camisa Masculina  \n",
       "16        306.80   Nicolas Pereira  5000               Camisa Masculina  \n",
       "17       1048.68   Nicolas Pereira  5000    Kit de Pinceis de Maquiagem  \n",
       "18       1048.68   Nicolas Pereira  5000    Kit de Pinceis de Maquiagem  \n",
       "19        573.30   Nicolas Pereira  5000                  Sapato Social  \n",
       "20        737.10    Amanda Martins  5000                  Sapato Social  \n",
       "21       1039.92   Nicolas Pereira  5000              Bermuda Masculino  \n",
       "22       1485.60    Amanda Martins  5000              Bermuda Masculino  \n",
       "23         59.90    Amanda Martins  5000               Vestido Infantil  \n",
       "24        479.20    Amanda Martins  5000               Vestido Infantil  \n",
       "25        503.10    Amanda Martins  5000               Sapatilha Sapato  \n",
       "26        448.28   Gabriel Cardoso  5000                 Bota Masculina  \n",
       "27       1344.84   Gabriel Cardoso  5000                 Bota Masculina  "
      ]
     },
     "metadata": {},
     "output_type": "display_data"
    }
   ],
   "source": [
    "#Merge - Uniu através de um denominador em comum\n",
    "vendas_df = vendas_df.merge(produtos_df)\n",
    "display(vendas_df)"
   ]
  },
  {
   "cell_type": "code",
   "execution_count": 9,
   "metadata": {},
   "outputs": [
    {
     "data": {
      "text/html": [
       "<div>\n",
       "<style scoped>\n",
       "    .dataframe tbody tr th:only-of-type {\n",
       "        vertical-align: middle;\n",
       "    }\n",
       "\n",
       "    .dataframe tbody tr th {\n",
       "        vertical-align: top;\n",
       "    }\n",
       "\n",
       "    .dataframe thead th {\n",
       "        text-align: right;\n",
       "    }\n",
       "</style>\n",
       "<table border=\"1\" class=\"dataframe\">\n",
       "  <thead>\n",
       "    <tr style=\"text-align: right;\">\n",
       "      <th></th>\n",
       "      <th>Id Vendedor</th>\n",
       "      <th>ID Produto</th>\n",
       "      <th>Data Venda</th>\n",
       "      <th>Quantidade Vendida</th>\n",
       "      <th>Valor Unitário</th>\n",
       "      <th>Total Vendas</th>\n",
       "      <th>Vendedor</th>\n",
       "      <th>Meta</th>\n",
       "      <th>Produto</th>\n",
       "    </tr>\n",
       "  </thead>\n",
       "  <tbody>\n",
       "    <tr>\n",
       "      <th>0</th>\n",
       "      <td>27264</td>\n",
       "      <td>100482</td>\n",
       "      <td>2023-01-01</td>\n",
       "      <td>8</td>\n",
       "      <td>89.99</td>\n",
       "      <td>719.92</td>\n",
       "      <td>Leonardo Almeida</td>\n",
       "      <td>5000</td>\n",
       "      <td>Tênis Feminino</td>\n",
       "    </tr>\n",
       "    <tr>\n",
       "      <th>1</th>\n",
       "      <td>27264</td>\n",
       "      <td>100345</td>\n",
       "      <td>2023-01-07</td>\n",
       "      <td>4</td>\n",
       "      <td>150.50</td>\n",
       "      <td>602.00</td>\n",
       "      <td>Leonardo Almeida</td>\n",
       "      <td>5000</td>\n",
       "      <td>Jaqueta Masculina Preta</td>\n",
       "    </tr>\n",
       "    <tr>\n",
       "      <th>2</th>\n",
       "      <td>27264</td>\n",
       "      <td>100345</td>\n",
       "      <td>2023-01-22</td>\n",
       "      <td>6</td>\n",
       "      <td>150.50</td>\n",
       "      <td>903.00</td>\n",
       "      <td>Leonardo Almeida</td>\n",
       "      <td>5000</td>\n",
       "      <td>Jaqueta Masculina Preta</td>\n",
       "    </tr>\n",
       "    <tr>\n",
       "      <th>3</th>\n",
       "      <td>27264</td>\n",
       "      <td>100208</td>\n",
       "      <td>2023-01-11</td>\n",
       "      <td>6</td>\n",
       "      <td>46.90</td>\n",
       "      <td>281.40</td>\n",
       "      <td>Leonardo Almeida</td>\n",
       "      <td>5000</td>\n",
       "      <td>Calça Bailarina</td>\n",
       "    </tr>\n",
       "    <tr>\n",
       "      <th>4</th>\n",
       "      <td>27264</td>\n",
       "      <td>100244</td>\n",
       "      <td>2023-01-20</td>\n",
       "      <td>9</td>\n",
       "      <td>146.14</td>\n",
       "      <td>1315.26</td>\n",
       "      <td>Leonardo Almeida</td>\n",
       "      <td>5000</td>\n",
       "      <td>Camisa Masculina Festa Balada</td>\n",
       "    </tr>\n",
       "    <tr>\n",
       "      <th>5</th>\n",
       "      <td>37579</td>\n",
       "      <td>100482</td>\n",
       "      <td>2023-01-16</td>\n",
       "      <td>4</td>\n",
       "      <td>89.99</td>\n",
       "      <td>359.96</td>\n",
       "      <td>Angela Maria</td>\n",
       "      <td>5000</td>\n",
       "      <td>Tênis Feminino</td>\n",
       "    </tr>\n",
       "    <tr>\n",
       "      <th>6</th>\n",
       "      <td>21732</td>\n",
       "      <td>100208</td>\n",
       "      <td>2023-01-26</td>\n",
       "      <td>5</td>\n",
       "      <td>46.90</td>\n",
       "      <td>234.50</td>\n",
       "      <td>Eliane Moreira</td>\n",
       "      <td>5000</td>\n",
       "      <td>Calça Bailarina</td>\n",
       "    </tr>\n",
       "    <tr>\n",
       "      <th>7</th>\n",
       "      <td>21732</td>\n",
       "      <td>100359</td>\n",
       "      <td>2023-01-02</td>\n",
       "      <td>2</td>\n",
       "      <td>69.99</td>\n",
       "      <td>139.98</td>\n",
       "      <td>Eliane Moreira</td>\n",
       "      <td>5000</td>\n",
       "      <td>Calça Feminina Jogger</td>\n",
       "    </tr>\n",
       "    <tr>\n",
       "      <th>8</th>\n",
       "      <td>21732</td>\n",
       "      <td>100411</td>\n",
       "      <td>2023-01-08</td>\n",
       "      <td>4</td>\n",
       "      <td>248.73</td>\n",
       "      <td>994.92</td>\n",
       "      <td>Eliane Moreira</td>\n",
       "      <td>5000</td>\n",
       "      <td>Bolsa de Trabalho</td>\n",
       "    </tr>\n",
       "    <tr>\n",
       "      <th>9</th>\n",
       "      <td>21732</td>\n",
       "      <td>100411</td>\n",
       "      <td>2023-01-23</td>\n",
       "      <td>4</td>\n",
       "      <td>248.73</td>\n",
       "      <td>994.92</td>\n",
       "      <td>Eliane Moreira</td>\n",
       "      <td>5000</td>\n",
       "      <td>Bolsa de Trabalho</td>\n",
       "    </tr>\n",
       "    <tr>\n",
       "      <th>10</th>\n",
       "      <td>21732</td>\n",
       "      <td>100226</td>\n",
       "      <td>2023-01-12</td>\n",
       "      <td>2</td>\n",
       "      <td>41.90</td>\n",
       "      <td>83.80</td>\n",
       "      <td>Eliane Moreira</td>\n",
       "      <td>5000</td>\n",
       "      <td>Camisa Térmica</td>\n",
       "    </tr>\n",
       "    <tr>\n",
       "      <th>11</th>\n",
       "      <td>21732</td>\n",
       "      <td>100001</td>\n",
       "      <td>2023-01-15</td>\n",
       "      <td>8</td>\n",
       "      <td>89.90</td>\n",
       "      <td>719.20</td>\n",
       "      <td>Eliane Moreira</td>\n",
       "      <td>5000</td>\n",
       "      <td>Colar Pingente</td>\n",
       "    </tr>\n",
       "    <tr>\n",
       "      <th>12</th>\n",
       "      <td>21732</td>\n",
       "      <td>100105</td>\n",
       "      <td>2023-01-18</td>\n",
       "      <td>7</td>\n",
       "      <td>153.40</td>\n",
       "      <td>1073.80</td>\n",
       "      <td>Eliane Moreira</td>\n",
       "      <td>5000</td>\n",
       "      <td>Camisa Masculina</td>\n",
       "    </tr>\n",
       "    <tr>\n",
       "      <th>13</th>\n",
       "      <td>21164</td>\n",
       "      <td>100244</td>\n",
       "      <td>2023-01-05</td>\n",
       "      <td>6</td>\n",
       "      <td>146.14</td>\n",
